0.40000000000000036 0.38095238095238093 0.5555555555555556 0.0
0.0 0.33333333333333326 0.11111111111111116 0.0
0.20000000000000018 0.4285714285714286 0.4444444444444444 0.2
0.6000000000000005 0.5238095238095237 0.4444444444444444 0.2
0.20000000000000018 0.6190476190476188 0.0 0.2
0.7333333333333338 0.6666666666666665 0.5555555555555556 0.2
0.3333333333333335 0.33333333333333326 0.4444444444444444 0.39999999999999997
0.4666666666666668 0.4285714285714286 0.2222222222222221 0.2
0.3333333333333335 0.5238095238095237 1.0 0.2
0.4666666666666668 0.5714285714285712 0.6666666666666667 1.0
0.4666666666666668 0.33333333333333326 0.6666666666666667 0.2
0.3333333333333335 0.5238095238095237 0.6666666666666667 0.2
0.5333333333333332 0.714285714285714 0.5555555555555556 0.39999999999999997
0.5333333333333332 0.47619047619047605 0.7777777777777777 0.8
0.9333333333333336 0.714285714285714 0.7777777777777777 0.39999999999999997
0.8000000000000003 0.5714285714285712 0.3333333333333335 0.2
0.13333333333333375 0.0 0.3333333333333335 0.39999999999999997
0.40000000000000036 0.38095238095238093 0.5555555555555556 0.2
0.3333333333333335 0.33333333333333326 0.4444444444444444 0.0
0.7333333333333338 0.7619047619047616 0.3333333333333335 0.6000000000000001
0.40000000000000036 0.6190476190476188 0.4444444444444444 0.0
0.3333333333333335 0.38095238095238093 0.6666666666666667 0.2
1.0 0.8095238095238093 0.2222222222222221 0.2
0.06666666666666732 0.2857142857142856 0.4444444444444444 0.2
0.6000000000000005 0.5714285714285712 0.5555555555555556 0.2
0.26666666666666705 0.4285714285714286 0.6666666666666667 0.2
0.5333333333333332 0.5714285714285712 0.4444444444444444 0.2
0.7333333333333338 0.7619047619047616 0.7777777777777777 0.6000000000000001
0.9333333333333336 1.0 0.5555555555555556 0.6000000000000001
0.8000000000000003 0.9047619047619047 0.4444444444444444 0.2
