0.4666666666666668 0.666666666666667 0.625 1.0
0.06666666666666732 0.3333333333333335 0.3749999999999998 0.2
0.4666666666666668 0.6111111111111112 0.5 0.2
0.20000000000000018 0.5000000000000002 0.3749999999999998 0.2
0.5333333333333332 0.6111111111111112 0.5 0.2
0.7333333333333338 0.6111111111111112 0.75 0.2
0.3333333333333335 0.44444444444444464 0.625 0.2
0.20000000000000018 0.6111111111111112 0.3749999999999998 0.39999999999999997
0.3333333333333335 0.38888888888888906 0.3749999999999998 0.39999999999999997
0.40000000000000036 0.44444444444444464 0.5 0.0
0.4666666666666668 0.7222222222222223 0.3749999999999998 0.2
1.0 0.9444444444444446 0.12499999999999978 0.2
0.3333333333333335 0.38888888888888906 0.3749999999999998 0.0
0.3333333333333335 0.6111111111111112 0.625 0.2
0.0 0.38888888888888906 0.0 0.0
0.7333333333333338 0.6111111111111112 0.5 0.6000000000000001
0.5333333333333332 0.8333333333333335 1.0 0.6000000000000001
0.6000000000000005 0.6111111111111112 0.3749999999999998 0.2
0.13333333333333375 0.0 0.25 0.39999999999999997
0.20000000000000018 0.44444444444444464 0.5 0.2
0.26666666666666705 0.5000000000000002 0.25 0.2
0.6000000000000005 1.0 0.5 0.0
0.06666666666666732 0.5000000000000002 0.25 0.2
0.5333333333333332 0.7777777777777781 0.5 0.6000000000000001
0.5333333333333332 0.666666666666667 0.3749999999999998 0.2
0.4666666666666668 0.38888888888888906 0.625 0.2
0.40000000000000036 0.7222222222222223 0.3749999999999998 0.0
0.5333333333333332 0.8333333333333335 0.5 0.39999999999999997
0.06666666666666732 0.38888888888888906 0.25 0.2
0.9333333333333336 0.8333333333333335 0.75 0.39999999999999997
