0.49999999999999956 0.714285714285714 0.4285714285714286 0.5
0.07142857142857117 0.0 0.14285714285714302 0.5
0.7142857142857144 0.7619047619047616 0.14285714285714302 0.75
0.49999999999999956 0.5714285714285712 0.2857142857142858 0.25
0.9285714285714288 1.0 0.4285714285714286 0.75
0.0 0.2857142857142856 0.2857142857142858 0.25
0.4285714285714284 0.33333333333333326 0.5714285714285718 0.25
0.4285714285714284 0.4285714285714286 0.0 0.25
0.6428571428571428 0.6666666666666665 0.4285714285714286 0.25
0.4285714285714284 0.5238095238095237 0.5714285714285718 0.75
0.49999999999999956 0.714285714285714 1.0000000000000002 0.75
0.4285714285714284 0.6190476190476188 0.2857142857142858 0.25
0.3571428571428572 0.6190476190476188 0.2857142857142858 0.0
0.3571428571428572 0.38095238095238093 0.4285714285714286 0.0
0.4285714285714284 0.5714285714285712 0.14285714285714302 0.5
0.2857142857142856 0.5238095238095237 1.0000000000000002 0.25
1.0 0.8095238095238093 0.0 0.25
0.7142857142857144 0.6666666666666665 0.4285714285714286 0.25
0.2857142857142856 0.38095238095238093 0.5714285714285718 0.25
0.7142857142857144 0.5238095238095237 0.4285714285714286 0.75
0.2857142857142856 0.5238095238095237 0.5714285714285718 0.25
0.2142857142857144 0.4285714285714286 0.14285714285714302 0.25
0.2857142857142856 0.33333333333333326 0.2857142857142858 0.0
0.49999999999999956 0.47619047619047605 0.7142857142857142 1.0
0.3571428571428572 0.38095238095238093 0.4285714285714286 0.25
0.4285714285714284 0.5238095238095237 0.4285714285714286 0.25
0.7142857142857144 0.7619047619047616 0.7142857142857142 0.75
0.14285714285714235 0.5238095238095237 0.2857142857142858 0.5
0.5714285714285716 0.8571428571428568 0.4285714285714286 0.0
0.49999999999999956 0.714285714285714 0.5714285714285718 0.25
