0.4666666666666668 0.40000000000000013 0.25 0.39999999999999997
0.9333333333333336 0.5999999999999999 0.75 0.39999999999999997
0.40000000000000036 0.06666666666666665 0.3749999999999998 0.2
0.4666666666666668 0.33333333333333326 0.625 0.6000000000000001
0.6000000000000005 0.33333333333333326 0.3749999999999998 0.2
0.5333333333333332 0.5333333333333334 0.5 0.6000000000000001
0.06666666666666732 0.0 0.3749999999999998 0.2
0.5333333333333332 0.33333333333333326 0.5 0.2
0.20000000000000018 0.13333333333333353 0.5 0.2
0.40000000000000036 0.13333333333333353 0.5 0.0
0.4666666666666668 0.46666666666666656 0.3749999999999998 0.2
0.4666666666666668 0.40000000000000013 0.625 1.0
0.5333333333333332 0.5999999999999999 0.5 0.39999999999999997
0.9333333333333336 1.0000000000000002 0.5 0.6000000000000001
0.7333333333333338 0.33333333333333326 0.75 0.2
0.20000000000000018 0.19999999999999996 0.3749999999999998 0.2
1.0 0.7333333333333332 0.12499999999999978 0.2
0.666666666666667 0.5333333333333334 0.5 0.2
0.3333333333333335 0.33333333333333326 1.0 0.2
0.40000000000000036 0.46666666666666656 0.3749999999999998 0.0
0.26666666666666705 0.19999999999999996 0.25 0.2
0.5333333333333332 0.40000000000000013 0.3749999999999998 0.39999999999999997
0.8000000000000003 0.8666666666666665 0.3749999999999998 0.2
0.7333333333333338 0.6666666666666663 0.75 0.6000000000000001
0.40000000000000036 0.13333333333333353 0.5 0.2
0.5333333333333332 0.40000000000000013 0.3749999999999998 0.2
0.5333333333333332 0.5999999999999999 0.625 0.2
0.4666666666666668 0.33333333333333326 0.5 0.2
0.5333333333333332 0.2666666666666664 0.75 0.8
0.0 0.06666666666666665 0.0 0.0
