0.7142857142857144 0.5789473684210527 0.7777777777777777 0.25
0.3571428571428572 0.368421052631579 0.4444444444444444 0.25
0.4285714285714284 0.631578947368421 0.3333333333333335 0.5
0.49999999999999956 0.5263157894736841 0.7777777777777777 1.0
0.49999999999999956 0.736842105263158 0.5555555555555556 0.75
0.2857142857142856 0.5789473684210527 1.0 0.25
0.14285714285714235 0.47368421052631593 0.4444444444444444 0.25
0.7857142857142856 0.631578947368421 0.3333333333333335 0.25
0.3571428571428572 0.6842105263157894 0.4444444444444444 0.0
0.3571428571428572 0.42105263157894735 0.5555555555555556 0.25
0.4285714285714284 0.5789473684210527 0.5555555555555556 0.25
0.49999999999999956 0.631578947368421 0.4444444444444444 0.5
0.7142857142857144 0.736842105263158 0.5555555555555556 0.25
0.07142857142857117 0.0 0.3333333333333335 0.5
0.4285714285714284 0.47368421052631593 0.2222222222222221 0.25
0.6428571428571428 0.736842105263158 0.5555555555555556 0.25
0.14285714285714235 0.6842105263157894 0.0 0.25
0.2857142857142856 0.5789473684210527 0.6666666666666667 0.25
0.7142857142857144 0.8421052631578945 0.3333333333333335 0.75
0.7142857142857144 0.5789473684210527 0.5555555555555556 0.75
0.7857142857142856 0.9999999999999998 0.4444444444444444 0.25
0.3571428571428572 0.42105263157894735 0.5555555555555556 0.0
1.0 0.894736842105263 0.2222222222222221 0.25
0.4285714285714284 0.5789473684210527 0.6666666666666667 0.75
0.49999999999999956 0.631578947368421 0.4444444444444444 0.25
0.9285714285714288 0.7894736842105261 0.7777777777777777 0.5
0.5714285714285716 0.9473684210526312 0.5555555555555556 0.0
0.5714285714285716 0.5789473684210527 0.4444444444444444 0.25
0.0 0.47368421052631593 0.3333333333333335 0.25
0.2142857142857144 0.47368421052631593 0.6666666666666667 0.25
