0.7857142857142856 0.9999999999999998 0.4444444444444444 0.2
0.3571428571428572 0.42105263157894735 0.5555555555555556 0.2
0.6428571428571428 0.736842105263158 0.5555555555555556 0.2
0.49999999999999956 0.631578947368421 0.4444444444444444 0.39999999999999997
0.49999999999999956 0.7894736842105261 0.5555555555555556 0.39999999999999997
0.7142857142857144 0.8421052631578945 0.7777777777777777 0.6000000000000001
0.14285714285714235 0.6842105263157894 0.0 0.2
0.2142857142857144 0.47368421052631593 0.3333333333333335 0.2
0.4285714285714284 0.5789473684210527 0.5555555555555556 0.2
0.2857142857142856 0.5789473684210527 0.6666666666666667 0.2
0.07142857142857117 0.0 0.3333333333333335 0.39999999999999997
0.49999999999999956 0.5789473684210527 0.5555555555555556 0.2
0.5714285714285716 0.5789473684210527 0.4444444444444444 0.2
0.2142857142857144 0.47368421052631593 0.6666666666666667 0.2
0.14285714285714235 0.47368421052631593 0.4444444444444444 0.2
0.3571428571428572 0.42105263157894735 0.5555555555555556 0.0
0.2857142857142856 0.368421052631579 0.4444444444444444 0.39999999999999997
0.49999999999999956 0.7894736842105261 1.0 0.6000000000000001
0.4285714285714284 0.631578947368421 0.3333333333333335 0.39999999999999997
0.0 0.368421052631579 0.3333333333333335 0.2
0.7142857142857144 0.5789473684210527 0.7777777777777777 0.2
0.2857142857142856 0.368421052631579 0.4444444444444444 0.0
0.4285714285714284 0.631578947368421 0.6666666666666667 1.0
0.2857142857142856 0.42105263157894735 0.6666666666666667 0.2
0.49999999999999956 0.631578947368421 0.4444444444444444 0.2
0.9285714285714288 0.7894736842105261 0.7777777777777777 0.39999999999999997
0.49999999999999956 0.7894736842105261 0.6666666666666667 0.2
1.0 0.894736842105263 0.2222222222222221 0.2
0.5714285714285716 0.9473684210526312 0.5555555555555556 0.0
0.2857142857142856 0.5789473684210527 1.0 0.2
