0.0 0.0 0.11111111111111116 0.0
0.666666666666667 0.7000000000000002 0.5555555555555556 0.2
0.40000000000000036 0.6000000000000001 0.4444444444444444 0.0
0.26666666666666705 0.20000000000000018 0.6666666666666667 0.2
0.8000000000000003 0.5 0.3333333333333335 0.2
0.7333333333333338 0.7000000000000002 0.5555555555555556 0.2
0.7333333333333338 0.3999999999999999 0.5555555555555556 0.6000000000000001
0.5333333333333332 0.3999999999999999 0.5555555555555556 0.2
0.40000000000000036 0.10000000000000009 0.5555555555555556 0.2
0.4666666666666668 0.0 0.6666666666666667 0.2
0.7333333333333338 0.8999999999999999 0.7777777777777777 0.6000000000000001
0.20000000000000018 0.20000000000000018 0.4444444444444444 0.2
0.06666666666666732 0.20000000000000018 0.3333333333333335 0.2
0.20000000000000018 0.6000000000000001 0.0 0.2
0.3333333333333335 0.0 0.4444444444444444 0.39999999999999997
0.4666666666666668 0.3999999999999999 0.5555555555555556 0.2
0.5333333333333332 0.7000000000000002 0.5555555555555556 0.6000000000000001
0.4666666666666668 0.5 0.6666666666666667 1.0
0.3333333333333335 0.3999999999999999 0.6666666666666667 0.2
0.4666666666666668 0.3999999999999999 0.6666666666666667 0.6000000000000001
0.5333333333333332 0.5 0.4444444444444444 0.2
1.0 1.0 0.2222222222222221 0.2
0.4666666666666668 0.2999999999999998 0.4444444444444444 0.2
0.6000000000000005 0.3999999999999999 0.4444444444444444 0.2
0.40000000000000036 0.10000000000000009 0.5555555555555556 0.0
0.7333333333333338 0.8999999999999999 0.3333333333333335 0.6000000000000001
0.20000000000000018 0.3999999999999999 0.4444444444444444 0.39999999999999997
0.4666666666666668 0.6000000000000001 0.4444444444444444 0.2
0.26666666666666705 0.20000000000000018 0.3333333333333335 0.2
0.5333333333333332 0.7999999999999998 1.0 0.6000000000000001
