0.5333333333333332 0.714285714285714 1.0 1.0
0.7333333333333338 0.5238095238095237 0.5 1.0
0.20000000000000018 0.4285714285714286 0.3749999999999998 0.3333333333333333
0.5333333333333332 0.5238095238095237 0.5 0.3333333333333333
0.3333333333333335 0.5238095238095237 0.625 0.3333333333333333
1.0 0.8095238095238093 0.12499999999999978 0.3333333333333333
0.4666666666666668 0.4285714285714286 0.12499999999999978 0.3333333333333333
0.5333333333333332 0.714285714285714 0.625 0.3333333333333333
0.8000000000000003 0.5714285714285712 0.25 0.3333333333333333
0.20000000000000018 0.5238095238095237 0.3749999999999998 0.6666666666666665
0.5333333333333332 0.5714285714285712 0.3749999999999998 0.6666666666666665
0.40000000000000036 0.38095238095238093 0.5 0.0
0.6000000000000005 0.8571428571428568 0.5 0.0
0.13333333333333375 0.0 0.25 0.6666666666666665
0.9333333333333336 1.0 0.5 1.0
0.4666666666666668 0.5238095238095237 0.625 1.0
0.40000000000000036 0.6190476190476188 0.3749999999999998 0.0
0.4666666666666668 0.6190476190476188 0.3749999999999998 0.3333333333333333
0.4666666666666668 0.47619047619047605 0.3749999999999998 0.3333333333333333
0.6000000000000005 0.5714285714285712 0.5 0.3333333333333333
0.7333333333333338 0.7619047619047616 0.75 1.0
0.3333333333333335 0.33333333333333326 0.3749999999999998 0.6666666666666665
0.26666666666666705 0.4285714285714286 0.625 0.3333333333333333
0.4666666666666668 0.33333333333333326 0.625 0.3333333333333333
0.3333333333333335 0.38095238095238093 0.625 0.3333333333333333
0.6000000000000005 0.5238095238095237 0.3749999999999998 0.3333333333333333
0.5333333333333332 0.5714285714285712 0.3749999999999998 0.3333333333333333
0.40000000000000036 0.38095238095238093 0.5 0.3333333333333333
0.5333333333333332 0.6666666666666665 0.5 1.0
0.0 0.33333333333333326 0.0 0.0
