0.0 0.2857142857142856 0.1428571428571428 0.0
0.38095238095238093 0.5714285714285714 0.5238095238095237 0.4285714285714286
0.33333333333333304 0.3571428571428572 0.4285714285714286 0.14285714285714302
0.2857142857142856 0.4285714285714286 0.666666666666667 0.2857142857142856
0.2857142857142856 0.3571428571428572 0.4761904761904763 0.4285714285714286
0.7619047619047619 0.5714285714285714 0.7619047619047619 0.7142857142857142
0.6666666666666665 0.2142857142857142 0.666666666666667 0.4285714285714286
0.5714285714285712 0.7142857142857142 0.7619047619047619 0.5714285714285714
0.33333333333333304 0.7142857142857142 0.7142857142857144 0.7142857142857142
0.7142857142857144 0.8571428571428574 0.7142857142857144 0.7142857142857142
0.2857142857142856 0.2857142857142856 0.38095238095238093 0.14285714285714302
0.5238095238095237 0.9999999999999998 0.7142857142857144 0.8571428571428574
0.6190476190476191 0.14285714285714302 0.7142857142857144 0.7142857142857142
0.0952380952380949 0.3571428571428572 0.0 0.14285714285714302
0.8571428571428572 0.7857142857142858 0.666666666666667 0.5714285714285714
0.6190476190476191 0.642857142857143 0.6190476190476191 0.4285714285714286
1.0 0.8571428571428574 0.8095238095238098 0.5714285714285714
0.5238095238095237 0.642857142857143 0.7142857142857144 0.7142857142857142
0.8571428571428572 0.7142857142857142 0.9523809523809526 0.9999999999999998
0.04761904761904745 0.0 0.23809523809523814 0.0
0.5714285714285712 0.5714285714285714 0.8095238095238098 0.2857142857142856
0.4285714285714284 0.5000000000000002 0.5238095238095237 0.0
0.8095238095238093 0.7142857142857142 0.666666666666667 0.5714285714285714
0.33333333333333304 0.5000000000000002 0.5714285714285716 0.4285714285714286
0.5238095238095237 0.5000000000000002 1.0 0.8571428571428574
0.5714285714285712 0.5714285714285714 0.4761904761904763 0.4285714285714286
0.8095238095238093 0.642857142857143 0.7619047619047619 0.4285714285714286
0.23809523809523814 0.7142857142857142 0.7142857142857144 0.7142857142857142
0.38095238095238093 0.4285714285714286 0.23809523809523814 0.0
0.33333333333333304 0.642857142857143 0.2857142857142858 0.4285714285714286
