0.04761904761904745 0.0 0.11111111111111138 0.0
0.5238095238095237 0.15384615384615397 0.38888888888888906 0.0
0.4285714285714284 0.5384615384615388 0.4444444444444444 0.0
0.5714285714285712 0.6153846153846154 0.38888888888888906 0.375
0.2857142857142856 0.23076923076923062 0.38888888888888906 0.375
0.6666666666666665 0.3846153846153846 0.8888888888888891 0.625
0.9047619047619047 0.6153846153846154 0.8333333333333333 0.5
0.33333333333333304 0.7692307692307696 0.4444444444444444 0.375
0.2857142857142856 0.3076923076923077 0.22222222222222254 0.0
0.9523809523809526 0.8461538461538463 0.8888888888888891 0.625
0.6666666666666665 1.0 0.7777777777777779 0.75
0.8571428571428572 0.8461538461538463 0.7777777777777779 0.625
0.6190476190476191 0.6923076923076925 0.5555555555555556 0.375
0.38095238095238093 0.6923076923076925 0.5000000000000002 0.375
0.8095238095238093 0.7692307692307696 0.6111111111111114 0.5
1.0 0.9230769230769234 0.7777777777777779 0.5
0.5714285714285712 0.6153846153846154 0.7777777777777779 0.25
0.7619047619047619 0.6153846153846154 0.7222222222222221 0.625
0.33333333333333304 0.5384615384615388 0.5000000000000002 0.375
0.0 0.3076923076923077 0.0 0.0
0.4761904761904763 0.9230769230769234 0.8333333333333333 1.0
0.8095238095238093 0.6923076923076925 0.7222222222222221 0.375
0.5238095238095237 0.6923076923076925 0.6666666666666667 0.625
0.5238095238095237 0.5384615384615388 1.0000000000000002 0.75
0.4761904761904763 0.7692307692307696 0.5000000000000002 0.625
0.7142857142857144 0.6923076923076925 0.5555555555555556 0.375
0.38095238095238093 0.4615384615384617 0.11111111111111138 0.0
0.2857142857142856 0.4615384615384617 0.6111111111111114 0.25
0.2857142857142856 0.3846153846153846 0.38888888888888906 0.375
0.33333333333333304 0.3846153846153846 0.33333333333333326 0.125
