0.38095238095238093 0.8333333333333335 0.5000000000000002 0.2857142857142856
0.2857142857142856 0.4166666666666665 0.38888888888888906 0.4285714285714286
0.8571428571428572 0.8333333333333335 0.9444444444444444 0.9999999999999998
0.2857142857142856 0.24999999999999978 0.38888888888888906 0.4285714285714286
0.8571428571428572 0.9166666666666665 0.6111111111111114 0.5714285714285714
0.0 0.33333333333333326 0.0 0.0
0.7619047619047619 0.6666666666666665 0.7222222222222221 0.7142857142857142
0.7142857142857144 1.0 0.6666666666666667 0.7142857142857142
0.2857142857142856 0.33333333333333326 0.2777777777777779 0.14285714285714302
1.0 1.0 0.7777777777777779 0.5714285714285714
0.4761904761904763 0.8333333333333335 0.5000000000000002 0.7142857142857142
0.04761904761904745 0.24999999999999978 0.0 0.0
0.33333333333333304 0.8333333333333335 0.6666666666666667 0.7142857142857142
0.33333333333333304 0.4166666666666665 0.33333333333333326 0.14285714285714302
0.6666666666666665 0.4166666666666665 0.8888888888888891 0.7142857142857142
0.5714285714285712 0.6666666666666665 0.7777777777777779 0.2857142857142856
0.7142857142857144 0.75 0.5555555555555556 0.4285714285714286
0.04761904761904745 0.0 0.11111111111111138 0.0
0.6190476190476191 0.16666666666666674 0.6666666666666667 0.7142857142857142
0.5714285714285712 0.75 0.7777777777777779 0.5714285714285714
0.2857142857142856 0.33333333333333326 0.22222222222222254 0.0
0.8571428571428572 0.9166666666666665 0.7777777777777779 0.7142857142857142
0.6666666666666665 0.24999999999999978 0.6111111111111114 0.4285714285714286
0.1428571428571428 0.5833333333333335 0.33333333333333326 0.5714285714285714
0.6190476190476191 0.75 0.5555555555555556 0.4285714285714286
0.5238095238095237 0.75 0.6666666666666667 0.7142857142857142
0.23809523809523814 0.8333333333333335 0.6666666666666667 0.7142857142857142
0.33333333333333304 0.8333333333333335 0.4444444444444444 0.4285714285714286
0.4285714285714284 0.5833333333333335 0.33333333333333326 0.2857142857142856
0.5238095238095237 0.5833333333333335 1.0000000000000002 0.8571428571428574
