0.34999999999999964 0.642857142857143 0.3157894736842104 0.5
0.7999999999999998 0.5714285714285714 0.8421052631578942 0.8333333333333335
0.34999999999999964 0.7142857142857142 0.7894736842105261 0.8333333333333335
0.25 0.7142857142857142 0.7894736842105261 0.8333333333333335
0.44999999999999973 0.5000000000000002 0.4736842105263155 0.33333333333333326
0.2999999999999998 0.3571428571428572 0.5263157894736841 0.5
0.34999999999999964 0.3571428571428572 0.4736842105263155 0.16666666666666674
0.5499999999999998 0.9999999999999998 0.7894736842105261 1.0
0.3999999999999999 0.642857142857143 0.6315789473684208 0.5
0.04999999999999982 0.0 0.26315789473684204 0.0
0.2999999999999998 0.2142857142857142 0.5263157894736841 0.5
1.0 0.7857142857142858 1.0 0.8333333333333335
0.0 0.2857142857142856 0.1578947368421051 0.0
0.3999999999999999 0.5714285714285714 0.7894736842105261 0.5
0.04999999999999982 0.2142857142857142 0.1578947368421051 0.0
0.44999999999999973 0.4285714285714286 0.5263157894736841 0.33333333333333326
0.5999999999999996 0.5714285714285714 0.5263157894736841 0.5
0.6999999999999997 0.9285714285714286 0.8947368421052628 1.0
0.2999999999999998 0.4285714285714286 0.736842105263158 0.33333333333333326
0.3999999999999999 0.4285714285714286 0.26315789473684204 0.0
0.09999999999999964 0.3571428571428572 0.0 0.16666666666666674
0.5 0.7142857142857142 0.6315789473684208 0.8333333333333335
0.8499999999999996 0.642857142857143 0.8421052631578942 0.5
0.34999999999999964 0.5000000000000002 0.6315789473684208 0.5
0.5999999999999996 0.7142857142857142 0.8421052631578942 0.6666666666666665
0.34999999999999964 0.7142857142857142 0.5789473684210522 0.5
0.5999999999999996 0.642857142857143 0.8947368421052628 0.6666666666666665
0.8499999999999996 0.7142857142857142 0.736842105263158 0.6666666666666665
0.2999999999999998 0.2857142857142856 0.4210526315789471 0.16666666666666674
0.5499999999999998 0.642857142857143 0.7894736842105261 0.8333333333333335
