0.5714285714285712 0.7142857142857142 0.7619047619047619 0.6666666666666665
0.6666666666666665 0.9285714285714286 0.8095238095238098 1.0
1.0 0.8571428571428574 0.8095238095238098 0.6666666666666665
0.38095238095238093 0.5714285714285714 0.5238095238095237 0.5
0.4285714285714284 0.5000000000000002 0.5238095238095237 0.0
0.2857142857142856 0.3571428571428572 0.4761904761904763 0.5
0.04761904761904745 0.2142857142857142 0.1428571428571428 0.0
0.23809523809523814 0.7142857142857142 0.7142857142857144 0.8333333333333335
0.6666666666666665 0.3571428571428572 0.9047619047619051 0.8333333333333335
0.9047619047619047 0.5714285714285714 0.8571428571428572 0.6666666666666665
0.6666666666666665 0.2142857142857142 0.666666666666667 0.5
0.0 0.2857142857142856 0.1428571428571428 0.0
0.5238095238095237 0.5000000000000002 1.0 1.0
0.5238095238095237 0.9999999999999998 0.7142857142857144 1.0
0.38095238095238093 0.5714285714285714 0.7142857142857144 0.5
0.8571428571428572 0.7857142857142858 0.666666666666667 0.6666666666666665
0.0952380952380949 0.3571428571428572 0.0 0.16666666666666674
0.4285714285714284 0.4285714285714286 0.4761904761904763 0.33333333333333326
0.33333333333333304 0.3571428571428572 0.4285714285714286 0.16666666666666674
0.2857142857142856 0.4285714285714286 0.666666666666667 0.33333333333333326
0.33333333333333304 0.7142857142857142 0.7142857142857144 0.8333333333333335
0.7619047619047619 0.5714285714285714 0.7619047619047619 0.8333333333333335
0.4761904761904763 0.7142857142857142 0.5714285714285716 0.8333333333333335
0.7142857142857144 0.8571428571428574 0.7142857142857144 0.8333333333333335
0.7142857142857144 0.642857142857143 0.6190476190476191 0.5
0.04761904761904745 0.0 0.23809523809523814 0.0
0.8095238095238093 0.7142857142857142 0.666666666666667 0.6666666666666665
0.38095238095238093 0.642857142857143 0.5714285714285716 0.5
0.33333333333333304 0.5000000000000002 0.5714285714285716 0.5
0.8571428571428572 0.7857142857142858 0.8095238095238098 0.8333333333333335
