0.5714285714285712 0.5454545454545454 0.4375 0.5
0.04761904761904745 0.09090909090909038 0.0 0.0
0.38095238095238093 0.6363636363636362 0.5625 0.5
0.8571428571428572 0.8181818181818183 0.875 0.8333333333333335
0.4761904761904763 0.7272727272727275 0.5625 0.8333333333333335
0.5238095238095237 0.0 0.4375 0.0
0.5714285714285712 0.7272727272727275 0.8124999999999996 0.6666666666666665
0.6666666666666665 1.0 0.875 1.0
0.2857142857142856 0.2727272727272725 0.4375 0.5
0.38095238095238093 0.7272727272727275 0.5625 0.33333333333333326
0.5714285714285712 0.5454545454545454 0.875 0.33333333333333326
0.4285714285714284 0.4545454545454546 0.375 0.33333333333333326
0.23809523809523814 0.7272727272727275 0.75 0.8333333333333335
0.8095238095238093 0.6363636363636362 0.8124999999999996 0.5
0.6666666666666665 0.2727272727272725 1.0 0.8333333333333335
0.33333333333333304 0.4545454545454546 0.5625 0.5
0.8571428571428572 0.8181818181818183 0.6875 0.6666666666666665
0.2857142857142856 0.09090909090909038 0.4375 0.5
1.0 0.9090909090909092 0.875 0.6666666666666665
0.6190476190476191 0.6363636363636362 0.625 0.5
0.6190476190476191 0.0 0.75 0.8333333333333335
0.7142857142857144 0.9090909090909092 0.75 0.8333333333333335
0.1428571428571428 0.4545454545454546 0.375 0.6666666666666665
0.33333333333333304 0.7272727272727275 0.49999999999999956 0.5
0.0 0.18181818181818166 0.0 0.0
0.38095238095238093 0.5454545454545454 0.49999999999999956 0.5
0.33333333333333304 0.2727272727272725 0.375 0.16666666666666674
0.4285714285714284 0.36363636363636376 0.4375 0.33333333333333326
0.6666666666666665 0.09090909090909038 0.6875 0.5
0.7619047619047619 0.5454545454545454 0.8124999999999996 0.8333333333333335
