0.8095238095238093 0.6000000000000001 0.7222222222222221 0.375
0.2857142857142856 0.30000000000000027 0.6111111111111114 0.25
0.5714285714285712 0.5 0.38888888888888906 0.375
0.33333333333333304 0.7000000000000002 0.4444444444444444 0.375
0.38095238095238093 0.6000000000000001 0.5000000000000002 0.375
0.8571428571428572 0.8000000000000003 0.6111111111111114 0.5
0.7142857142857144 0.6000000000000001 0.5555555555555556 0.375
0.5238095238095237 0.40000000000000036 1.0000000000000002 0.75
0.2857142857142856 0.10000000000000009 0.2777777777777779 0.125
0.33333333333333304 0.7000000000000002 0.6666666666666667 0.625
0.5714285714285712 0.7000000000000002 0.7222222222222221 0.5
0.2857142857142856 0.0 0.38888888888888906 0.375
0.9047619047619047 0.5 0.8333333333333333 0.5
0.1428571428571428 0.40000000000000036 0.33333333333333326 0.5
0.6666666666666665 1.0 0.7777777777777779 0.75
0.8571428571428572 0.7000000000000002 0.9444444444444444 0.875
0.38095238095238093 0.5 0.4444444444444444 0.375
0.9523809523809526 0.8000000000000003 0.8888888888888891 0.625
0.6190476190476191 0.6000000000000001 0.5555555555555556 0.375
0.33333333333333304 0.40000000000000036 0.5000000000000002 0.375
0.38095238095238093 0.30000000000000027 0.11111111111111138 0.0
1.0 0.9000000000000004 0.7777777777777779 0.5
0.0 0.10000000000000009 0.0 0.0
0.04761904761904745 0.0 0.0 0.0
0.33333333333333304 0.20000000000000018 0.33333333333333326 0.125
0.5238095238095237 0.6000000000000001 0.6666666666666667 0.625
0.4761904761904763 0.9000000000000004 0.8333333333333333 1.0
0.8095238095238093 0.7000000000000002 0.6111111111111114 0.5
0.7619047619047619 0.5 0.7222222222222221 0.625
0.38095238095238093 0.5 0.6666666666666667 0.375
