0.22222222222222188 0.5833333333333333 0.0 0.4285714285714286
0.11111111111111116 0.6666666666666667 0.6428571428571428 0.7142857142857142
0.4444444444444442 0.0 0.2857142857142856 0.0
0.6666666666666665 0.8333333333333337 0.6428571428571428 0.7142857142857142
0.16666666666666652 0.08333333333333326 0.2857142857142856 0.4285714285714286
0.22222222222222188 0.6666666666666667 0.6428571428571428 0.7142857142857142
0.49999999999999956 0.5833333333333333 0.7857142857142856 0.5714285714285714
0.22222222222222188 0.2500000000000002 0.21428571428571397 0.14285714285714302
0.833333333333333 0.6666666666666667 1.0 0.9999999999999998
0.49999999999999956 0.4999999999999998 0.2857142857142856 0.4285714285714286
0.22222222222222188 0.6666666666666667 0.35714285714285676 0.4285714285714286
0.22222222222222188 0.41666666666666674 0.4285714285714284 0.4285714285714286
0.6111111111111107 0.2500000000000002 0.9285714285714288 0.7142857142857142
0.16666666666666652 0.16666666666666674 0.1428571428571428 0.14285714285714302
0.7777777777777772 0.5833333333333333 0.714285714285714 0.4285714285714286
0.2777777777777777 0.4999999999999998 0.35714285714285676 0.4285714285714286
0.833333333333333 0.7500000000000002 0.7857142857142856 0.7142857142857142
0.7222222222222219 0.4999999999999998 0.714285714285714 0.7142857142857142
0.0 0.41666666666666674 0.21428571428571397 0.5714285714285714
0.16666666666666652 0.33333333333333326 0.5714285714285716 0.2857142857142856
0.2777777777777777 0.6666666666666667 0.4285714285714284 0.2857142857142856
0.9444444444444442 0.7500000000000002 0.9285714285714288 0.7142857142857142
0.4444444444444442 1.0000000000000002 0.6428571428571428 0.8571428571428574
0.6666666666666665 0.5833333333333333 0.49999999999999956 0.4285714285714286
0.6111111111111107 0.9166666666666667 0.7857142857142856 0.8571428571428574
0.33333333333333304 0.33333333333333326 0.2857142857142856 0.2857142857142856
0.5555555555555554 0.5833333333333333 0.49999999999999956 0.4285714285714286
0.33333333333333304 0.41666666666666674 0.21428571428571397 0.2857142857142856
1.0 0.8333333333333337 0.7857142857142856 0.5714285714285714
0.6111111111111107 0.08333333333333326 0.5714285714285716 0.4285714285714286
