0.2857142857142856 0.2857142857142856 0.22222222222222254 0.0
0.5238095238095237 0.9999999999999998 0.6666666666666667 0.75
0.2857142857142856 0.4285714285714286 0.6111111111111114 0.25
0.7142857142857144 0.642857142857143 0.5555555555555556 0.375
0.0 0.2857142857142856 0.0 0.0
0.2857142857142856 0.2857142857142856 0.2777777777777779 0.125
0.33333333333333304 0.7142857142857142 0.6666666666666667 0.625
0.04761904761904745 0.0 0.11111111111111138 0.0
0.2857142857142856 0.2142857142857142 0.38888888888888906 0.375
0.33333333333333304 0.3571428571428572 0.33333333333333326 0.125
0.33333333333333304 0.642857142857143 0.16666666666666674 0.375
0.4285714285714284 0.5000000000000002 0.33333333333333326 0.25
1.0 0.8571428571428574 0.7777777777777779 0.5
0.04761904761904745 0.2142857142857142 0.0 0.0
0.1428571428571428 0.5000000000000002 0.33333333333333326 0.5
0.8095238095238093 0.7142857142857142 0.6111111111111114 0.5
0.6190476190476191 0.14285714285714302 0.6666666666666667 0.625
0.8095238095238093 0.642857142857143 0.7222222222222221 0.375
0.4285714285714284 0.4285714285714286 0.38888888888888906 0.25
0.38095238095238093 0.4285714285714286 0.11111111111111138 0.0
0.5714285714285712 0.642857142857143 0.7777777777777779 0.5
0.7619047619047619 0.5714285714285714 0.7222222222222221 0.625
0.5714285714285712 0.7142857142857142 0.7222222222222221 0.5
0.33333333333333304 0.5000000000000002 0.5000000000000002 0.375
0.4285714285714284 0.5000000000000002 0.4444444444444444 0.0
0.7142857142857144 0.8571428571428574 0.6666666666666667 0.625
0.9523809523809526 0.7857142857142858 0.8888888888888891 0.625
0.5238095238095237 0.5000000000000002 1.0000000000000002 0.75
0.4761904761904763 0.8571428571428574 0.8333333333333333 1.0
0.8571428571428572 0.7857142857142858 0.6111111111111114 0.5
