0.9999999999999998 0.3749999999999998 0.9166666666666667 0.5454545454545454
0.4999999999999998 0.4374999999999998 0.45833333333333326 0.36363636363636354
0.39285714285714257 0.0 0.20833333333333326 0.09090909090909083
0.4999999999999998 0.6875 0.6250000000000002 0.9999999999999998
0.5714285714285714 0.5 0.5416666666666667 0.7272727272727273
0.5714285714285714 0.5 0.41666666666666674 0.36363636363636354
0.7142857142857142 0.5625 0.3750000000000002 0.6363636363636365
0.9999999999999998 0.25 1.0000000000000002 0.8181818181818181
0.3214285714285714 0.3125 0.24999999999999978 0.45454545454545436
0.4999999999999998 0.18749999999999978 0.20833333333333326 0.45454545454545436
0.5357142857142858 0.3749999999999998 0.45833333333333326 0.7272727272727273
0.24999999999999978 0.3749999999999998 0.16666666666666674 0.5454545454545454
0.6428571428571426 0.6875 0.5000000000000002 0.6363636363636365
0.0 0.18749999999999978 0.0 0.2727272727272727
0.9999999999999998 1.0 0.9166666666666667 0.7272727272727273
0.5357142857142858 0.3125 0.33333333333333326 0.45454545454545436
0.5714285714285714 0.625 0.24999999999999978 0.5454545454545454
0.6785714285714282 0.5 0.41666666666666674 0.6363636363636365
0.8214285714285714 0.875 0.6666666666666663 0.9999999999999998
0.3214285714285714 0.3125 0.24999999999999978 0.45454545454545436
0.5357142857142858 0.3749999999999998 0.45833333333333326 0.6363636363636365
0.6428571428571426 0.5625 0.45833333333333326 0.909090909090909
0.5357142857142858 0.5625 0.41666666666666674 0.36363636363636354
0.6428571428571426 0.18749999999999978 0.5416666666666667 0.36363636363636354
0.4999999999999998 0.75 0.45833333333333326 0.909090909090909
0.8214285714285714 0.625 0.6250000000000002 0.36363636363636354
0.42857142857142816 0.25 0.45833333333333326 0.0
0.892857142857143 0.3749999999999998 0.6666666666666663 0.45454545454545436
0.4642857142857142 0.75 0.3750000000000002 0.8181818181818181
0.5357142857142858 0.625 0.33333333333333326 0.8181818181818181
