0.0 0.0 0.0 0.19999999999999996
0.5 0.23076923076923084 0.45833333333333326 0.6000000000000001
0.9333333333333331 0.384615384615385 0.6666666666666663 0.7999999999999998
0.5 0.1538461538461542 0.33333333333333326 0.3999999999999999
0.46666666666666634 0.30769230769230793 0.45833333333333326 0.30000000000000004
0.46666666666666634 0.6923076923076925 0.45833333333333326 0.8999999999999999
0.6000000000000001 0.0 0.5416666666666667 0.30000000000000004
0.6000000000000001 0.4615384615384617 0.45833333333333326 0.8999999999999999
0.2999999999999998 0.1538461538461542 0.24999999999999978 0.3999999999999999
0.3666666666666667 0.384615384615385 0.125 0.30000000000000004
0.2999999999999998 0.23076923076923084 0.24999999999999978 0.8999999999999999
0.8999999999999999 0.384615384615385 0.8749999999999998 0.6000000000000001
0.6000000000000001 0.384615384615385 0.29166666666666674 0.7999999999999998
0.46666666666666634 0.23076923076923084 0.24999999999999978 0.0
1.0 1.0 0.7916666666666667 0.5
0.733333333333333 0.384615384615385 0.5833333333333337 0.6000000000000001
0.5 0.23076923076923084 0.45833333333333326 0.7000000000000002
0.46666666666666634 0.0 0.20833333333333326 0.3999999999999999
0.23333333333333317 0.23076923076923084 0.16666666666666674 0.5
0.2666666666666666 0.0 0.20833333333333326 0.5
0.3999999999999999 0.384615384615385 0.16666666666666674 0.30000000000000004
0.9333333333333331 1.0 0.9166666666666667 0.7000000000000002
0.9333333333333331 0.0769230769230771 1.0000000000000002 0.7999999999999998
0.5333333333333332 0.384615384615385 0.41666666666666674 0.30000000000000004
0.6000000000000001 0.6153846153846154 0.5000000000000002 1.0
0.8333333333333335 0.23076923076923084 0.6666666666666663 0.3999999999999999
0.6333333333333333 0.384615384615385 0.41666666666666674 0.6000000000000001
0.3333333333333335 0.384615384615385 0.24999999999999978 0.30000000000000004
0.9333333333333331 0.23076923076923084 0.9166666666666667 0.5
0.7666666666666666 0.384615384615385 0.5416666666666667 0.10000000000000009
