0.4999999999999998 0.0 0.22727272727272707 0.3999999999999999
0.8214285714285714 0.8461538461538467 0.7272727272727271 1.0
0.5714285714285714 0.5384615384615388 0.2727272727272725 0.5
0.6428571428571426 0.6153846153846154 0.5454545454545454 0.6000000000000001
0.6785714285714282 0.5384615384615388 0.6363636363636367 0.7999999999999998
0.5714285714285714 0.384615384615385 0.31818181818181834 0.5
0.6428571428571426 0.0 0.5909090909090908 0.30000000000000004
0.24999999999999978 0.23076923076923084 0.1818181818181821 0.5
0.9999999999999998 1.0 1.0 0.7000000000000002
0.3214285714285714 0.1538461538461542 0.2727272727272725 0.3999999999999999
0.7857142857142854 0.384615384615385 0.6363636363636367 0.6000000000000001
0.4999999999999998 0.23076923076923084 0.2727272727272725 0.0
0.892857142857143 0.23076923076923084 0.7272727272727271 0.3999999999999999
0.5714285714285714 0.384615384615385 0.5909090909090908 0.7000000000000002
0.7142857142857142 0.4615384615384617 0.40909090909090917 0.6000000000000001
0.857142857142857 0.30769230769230793 0.8181818181818179 0.30000000000000004
0.39285714285714257 0.384615384615385 0.13636363636363624 0.30000000000000004
0.4999999999999998 0.6153846153846154 0.6818181818181817 1.0
0.6428571428571426 0.6153846153846154 0.5454545454545454 1.0
0.8214285714285714 0.5384615384615388 0.6818181818181817 0.30000000000000004
0.4999999999999998 0.1538461538461542 0.1818181818181821 0.30000000000000004
0.5357142857142858 0.5384615384615388 0.3636363636363633 0.7999999999999998
0.5357142857142858 0.1538461538461542 0.3636363636363633 0.3999999999999999
0.9999999999999998 0.384615384615385 0.7272727272727271 0.7999999999999998
0.6785714285714282 0.384615384615385 0.4545454545454546 0.6000000000000001
0.3214285714285714 0.1538461538461542 0.2727272727272725 0.3999999999999999
0.0 0.0 0.0 0.19999999999999996
0.8214285714285714 0.384615384615385 0.5909090909090908 0.10000000000000009
0.5357142857142858 0.4615384615384617 0.4545454545454546 0.30000000000000004
0.5357142857142858 0.23076923076923084 0.5 0.6000000000000001
