0.7142857142857142 0.4615384615384617 0.24999999999999978 0.7999999999999998
0.4642857142857142 0.6923076923076925 0.3750000000000002 0.7999999999999998
0.5357142857142858 0.4615384615384617 0.41666666666666674 0.30000000000000004
0.8214285714285714 0.384615384615385 0.5416666666666667 0.10000000000000009
0.6428571428571426 0.6153846153846154 0.5000000000000002 1.0
0.857142857142857 0.30769230769230793 0.7499999999999998 0.30000000000000004
0.9999999999999998 0.23076923076923084 0.9166666666666667 0.5
0.8214285714285714 0.5384615384615388 0.6250000000000002 0.30000000000000004
0.9642857142857142 0.384615384615385 0.8749999999999998 0.6000000000000001
0.5714285714285714 0.384615384615385 0.41666666666666674 0.30000000000000004
0.6428571428571426 0.0 0.5416666666666667 0.30000000000000004
0.5357142857142858 0.23076923076923084 0.45833333333333326 0.7000000000000002
0.4999999999999998 0.23076923076923084 0.24999999999999978 0.0
0.5714285714285714 0.384615384615385 0.29166666666666674 0.5
0.0 0.0 0.0 0.19999999999999996
0.2857142857142858 0.0 0.20833333333333326 0.5
0.9999999999999998 0.384615384615385 0.6666666666666663 0.7999999999999998
0.6428571428571426 0.6153846153846154 0.5000000000000002 0.6000000000000001
0.4999999999999998 0.6153846153846154 0.6250000000000002 1.0
0.6428571428571426 0.4615384615384617 0.45833333333333326 0.8999999999999999
0.3214285714285714 0.1538461538461542 0.24999999999999978 0.3999999999999999
0.6785714285714282 0.384615384615385 0.41666666666666674 0.6000000000000001
0.8214285714285714 0.8461538461538467 0.6666666666666663 1.0
0.4642857142857142 0.23076923076923084 0.125 0.30000000000000004
0.892857142857143 0.23076923076923084 0.6666666666666663 0.3999999999999999
0.9999999999999998 0.0769230769230771 1.0000000000000002 0.7999999999999998
0.9999999999999998 1.0 0.9166666666666667 0.7000000000000002
0.4999999999999998 0.1538461538461542 0.16666666666666674 0.30000000000000004
0.5714285714285714 0.5384615384615388 0.24999999999999978 0.5
0.4999999999999998 0.0 0.20833333333333326 0.3999999999999999
