0.6000000000000001 0.6153846153846154 0.5454545454545454 0.9999999999999998
0.6000000000000001 0.384615384615385 0.31818181818181834 0.8181818181818181
0.5333333333333332 0.384615384615385 0.31818181818181834 0.5454545454545454
0.2999999999999998 0.23076923076923084 0.2727272727272725 0.909090909090909
0.4333333333333331 0.23076923076923084 0.13636363636363624 0.36363636363636354
0.46666666666666634 0.23076923076923084 0.2727272727272725 0.09090909090909083
0.6333333333333333 0.5384615384615388 0.6363636363636367 0.8181818181818181
0.7999999999999998 0.30769230769230793 0.8181818181818179 0.36363636363636354
0.46666666666666634 0.6153846153846154 0.6818181818181817 0.9999999999999998
0.5 0.23076923076923084 0.5 0.6363636363636365
0.3999999999999999 0.0769230769230771 0.5 0.0
0.7666666666666666 0.5384615384615388 0.6818181818181817 0.36363636363636354
0.3666666666666667 0.384615384615385 0.13636363636363624 0.36363636363636354
0.4333333333333331 0.6923076923076925 0.40909090909090917 0.8181818181818181
0.5 0.1538461538461542 0.3636363636363633 0.45454545454545436
0.6666666666666665 0.5384615384615388 0.5454545454545454 0.8181818181818181
0.46666666666666634 0.6923076923076925 0.5 0.909090909090909
0.2999999999999998 0.1538461538461542 0.2727272727272725 0.45454545454545436
0.9333333333333331 1.0 1.0 0.7272727272727273
0.9333333333333331 0.23076923076923084 1.0 0.5454545454545454
0.6333333333333333 0.384615384615385 0.4545454545454546 0.6363636363636365
0.7666666666666666 0.8461538461538467 0.7272727272727271 0.9999999999999998
1.0 1.0 0.8636363636363638 0.5454545454545454
0.5 0.23076923076923084 0.5 0.7272727272727273
0.6000000000000001 0.0 0.5909090909090908 0.36363636363636354
0.6000000000000001 0.4615384615384617 0.5 0.909090909090909
0.0 0.0 0.0 0.2727272727272727
0.3999999999999999 0.384615384615385 0.1818181818181821 0.36363636363636354
0.8999999999999999 0.384615384615385 0.9545454545454541 0.6363636363636365
0.3333333333333335 0.384615384615385 0.2727272727272725 0.36363636363636354
