0.714285714285714 0.30769230769230793 0.714285714285714 0.36363636363636354
0.28571428571428603 0.23076923076923084 0.3809523809523805 0.7272727272727273
0.1428571428571428 0.0769230769230771 0.3809523809523805 0.0
0.23809523809523814 0.6153846153846154 0.5714285714285712 0.9999999999999998
0.28571428571428603 0.1538461538461542 0.2380952380952377 0.45454545454545436
0.28571428571428603 0.4615384615384617 0.33333333333333304 0.36363636363636354
0.1904761904761907 0.23076923076923084 0.0 0.36363636363636354
1.0 1.0 0.7619047619047619 0.5454545454545454
0.6666666666666665 0.8461538461538467 0.6190476190476186 0.9999999999999998
0.5238095238095242 0.5384615384615388 0.4285714285714284 0.8181818181818181
0.5238095238095242 0.4615384615384617 0.14285714285714235 0.8181818181818181
0.23809523809523814 0.23076923076923084 0.14285714285714235 0.09090909090909083
0.7619047619047619 0.23076923076923084 0.6190476190476186 0.45454545454545436
0.4285714285714288 0.6153846153846154 0.4285714285714284 0.6363636363636365
0.9047619047619047 0.0769230769230771 1.0 0.8181818181818181
0.8571428571428568 0.384615384615385 0.8571428571428568 0.6363636363636365
0.3333333333333335 0.384615384615385 0.33333333333333304 0.36363636363636354
0.1904761904761907 0.6923076923076925 0.2857142857142856 0.8181818181818181
0.6666666666666665 0.384615384615385 0.47619047619047583 0.18181818181818188
0.3333333333333335 0.384615384615385 0.19047619047619024 0.5454545454545454
0.9047619047619047 0.23076923076923084 0.9047619047619047 0.5454545454545454
0.23809523809523814 0.0 0.09523809523809534 0.45454545454545436
0.0 0.1538461538461542 0.14285714285714235 0.45454545454545436
0.28571428571428603 0.23076923076923084 0.3809523809523805 0.6363636363636365
0.3333333333333335 0.384615384615385 0.47619047619047583 0.7272727272727273
0.9047619047619047 1.0 0.9047619047619047 0.7272727272727273
0.0 0.23076923076923084 0.14285714285714235 0.909090909090909
0.1428571428571428 0.384615384615385 0.047619047619047894 0.36363636363636354
0.4761904761904763 0.384615384615385 0.33333333333333304 0.6363636363636365
0.4761904761904763 0.5384615384615388 0.5238095238095237 0.8181818181818181
