0.6000000000000001 0.5625 0.5789473684210522 0.909090909090909
0.5 0.3749999999999998 0.5789473684210522 0.7272727272727273
0.46666666666666634 0.18749999999999978 0.26315789473684204 0.45454545454545436
0.46666666666666634 0.3125 0.2105263157894739 0.36363636363636354
0.7666666666666666 0.875 0.8421052631578942 0.9999999999999998
0.23333333333333317 0.3749999999999998 0.2105263157894739 0.5454545454545454
0.2999999999999998 0.3749999999999998 0.3157894736842102 0.909090909090909
0.46666666666666634 0.6875 0.7894736842105261 0.9999999999999998
0.2666666666666666 0.18749999999999978 0.26315789473684204 0.5454545454545454
0.3666666666666667 0.0 0.26315789473684204 0.09090909090909083
0.7999999999999998 0.4374999999999998 0.9473684210526314 0.36363636363636354
0.9333333333333331 0.5 0.8421052631578942 0.8181818181818181
0.2999999999999998 0.3125 0.3157894736842102 0.45454545454545436
0.0 0.18749999999999978 0.0 0.2727272727272727
0.6000000000000001 0.6875 0.6315789473684208 0.6363636363636365
0.4333333333333331 0.75 0.47368421052631593 0.8181818181818181
0.3333333333333335 0.5 0.3157894736842102 0.36363636363636354
0.3666666666666667 0.5 0.1578947368421053 0.36363636363636354
0.6666666666666665 0.5625 0.3157894736842102 0.8181818181818181
0.3999999999999999 0.25 0.5789473684210522 0.0
0.3999999999999999 0.5 0.2105263157894739 0.36363636363636354
0.5 0.3125 0.42105263157894735 0.45454545454545436
0.733333333333333 0.5 0.736842105263158 0.6363636363636365
0.5333333333333332 0.5 0.5263157894736841 0.36363636363636354
0.2999999999999998 0.3125 0.3157894736842102 0.45454545454545436
1.0 1.0 1.0 0.5454545454545454
0.5 0.3749999999999998 0.5789473684210522 0.6363636363636365
0.8333333333333335 0.3749999999999998 0.8421052631578942 0.45454545454545436
0.4333333333333331 0.3749999999999998 0.1578947368421053 0.36363636363636354
0.46666666666666634 0.3749999999999998 0.3157894736842102 0.09090909090909083
