0.7368421052631575 0.8461538461538467 0.6190476190476186 0.9999999999999998
0.3157894736842106 0.1538461538461542 0.2380952380952377 0.45454545454545436
0.4736842105263155 0.0 0.47619047619047583 0.36363636363636354
0.15789473684210487 0.0769230769230771 0.3809523809523805 0.0
0.3157894736842106 0.4615384615384617 0.33333333333333304 0.36363636363636354
0.7894736842105261 0.30769230769230793 0.714285714285714 0.36363636363636354
0.5789473684210527 0.4615384615384617 0.14285714285714235 0.8181818181818181
0.0 0.1538461538461542 0.14285714285714235 0.45454545454545436
0.26315789473684204 0.23076923076923084 0.14285714285714235 0.09090909090909083
0.21052631578947345 0.23076923076923084 0.0 0.36363636363636354
0.5789473684210527 0.5384615384615388 0.4285714285714284 0.8181818181818181
0.26315789473684204 0.1538461538461542 0.047619047619047894 0.36363636363636354
0.4736842105263155 0.6153846153846154 0.4285714285714284 0.6363636363636365
0.0 0.23076923076923084 0.14285714285714235 0.909090909090909
0.4736842105263155 0.6153846153846154 0.4285714285714284 0.9999999999999998
0.26315789473684204 0.6923076923076925 0.3809523809523805 0.909090909090909
0.36842105263157876 0.384615384615385 0.47619047619047583 0.7272727272727273
0.7368421052631575 0.384615384615385 0.47619047619047583 0.18181818181818188
0.7368421052631575 0.5384615384615388 0.5714285714285712 0.36363636363636354
0.9999999999999996 1.0 0.9047619047619047 0.7272727272727273
0.9999999999999996 0.0769230769230771 1.0 0.8181818181818181
0.36842105263157876 0.5384615384615388 0.14285714285714235 0.5454545454545454
0.9999999999999996 0.384615384615385 0.6190476190476186 0.8181818181818181
0.4736842105263155 0.384615384615385 0.19047619047619024 0.8181818181818181
0.052631578947368585 0.384615384615385 0.14285714285714235 0.36363636363636354
0.36842105263157876 0.384615384615385 0.33333333333333304 0.36363636363636354
0.5263157894736841 0.384615384615385 0.33333333333333304 0.6363636363636365
0.5789473684210527 0.4615384615384617 0.2857142857142856 0.6363636363636365
0.9999999999999996 0.23076923076923084 0.9047619047619047 0.5454545454545454
0.3157894736842106 0.5384615384615388 0.2380952380952377 0.8181818181818181
