0.5 0.625 0.3636363636363633 0.8181818181818181
0.3999999999999999 0.5 0.1818181818181821 0.36363636363636354
0.2999999999999998 0.3125 0.2727272727272725 0.45454545454545436
0.3666666666666667 0.5 0.13636363636363624 0.36363636363636354
0.2999999999999998 0.3749999999999998 0.2727272727272725 0.909090909090909
0.9333333333333331 0.5 0.7272727272727271 0.8181818181818181
0.9333333333333331 0.3749999999999998 1.0 0.5454545454545454
0.733333333333333 0.5 0.6363636363636367 0.6363636363636365
0.5333333333333332 0.5 0.5909090909090908 0.7272727272727273
1.0 1.0 0.8636363636363638 0.5454545454545454
0.4333333333333331 0.75 0.40909090909090917 0.8181818181818181
0.6000000000000001 0.18749999999999978 0.5909090909090908 0.36363636363636354
0.46666666666666634 0.3749999999999998 0.2727272727272725 0.09090909090909083
0.2999999999999998 0.3125 0.2727272727272725 0.45454545454545436
0.5333333333333332 0.625 0.2727272727272725 0.5454545454545454
0.8333333333333335 0.3749999999999998 0.7272727272727271 0.45454545454545436
0.3999999999999999 0.25 0.5 0.0
0.7999999999999998 0.4374999999999998 0.8181818181818179 0.36363636363636354
0.46666666666666634 0.18749999999999978 0.22727272727272707 0.45454545454545436
0.6333333333333333 0.625 0.6363636363636367 0.8181818181818181
0.4333333333333331 0.3749999999999998 0.13636363636363624 0.36363636363636354
0.5333333333333332 0.5 0.31818181818181834 0.5454545454545454
0.7666666666666666 0.5 0.5909090909090908 0.18181818181818188
0.9333333333333331 1.0 1.0 0.7272727272727273
0.5 0.3749999999999998 0.5 0.6363636363636365
0.5 0.3125 0.3636363636363633 0.45454545454545436
0.46666666666666634 0.75 0.5 0.909090909090909
0.46666666666666634 0.6875 0.6818181818181817 0.9999999999999998
0.0 0.18749999999999978 0.0 0.2727272727272727
0.3666666666666667 0.0 0.22727272727272707 0.09090909090909083
